13
174
107
13
13
107
99
13
13
13
419
387
13
13
13
347
13
13
68
79
13
13
193
253
98
13
13
270
98
98
286
99
99
117
279
99
426
426
13
174
103
98
13
13
13
13
13
13
13
13
13
164
30
159
13
249
13
255
13
13
270
174
18
13
18
13
23
13
23
13
13
98
99
99
32
146
219
18
18
18
18
79
13
13
99
13
164
13
80
13
13
255
255
255
255
255
270
270
270
279
397
397
146
30
23
13
13
13
255
255
98
98
255
12
135
79
414
414
18
18
23
13
79
99
255
255
255
242
242
242
242
186
414
98
419
253
68
414
108
79
79
13
242
103
98
13
13
13
30
30
84
135
159
159
164
79
174
174
414
270
13
13
13
255
255
98
98
117
13
13
232
219
219
30
272
64
414
26
26
13
188
13
13
13
99
174
13
100
13
30
13
32
13
414
13
13
13
30
30
174
30
13
18
80
255
13
13
174
18
406
174
13
13
13
288
98
135
13
174
26
377
26
13
13
13
13
13
13
13
16
13
219
219
13
13
13
13
13
13
174
270
13
219
174
13
219
270
13
13
219
406
174
174
174
270
270
270
13
103
32
103
379
406
174
12
270
99
194
194
194
103
194
406
406
270
219
219
406
219
174
174
156
379
103
13
406
68
174
174
174
13
219
379
422
32
13
105
13
388
13
12
219
13
79
174
435
435
13
174
174
174
32
13
200
200
200
30
174
279
13
213
32
13
13
13
79
174
174
30
163
279
13
68
68
68
200
323
174
174
13
98
13
125
139
219
219
30
30
13
13
98
174
17
17
174
13
219
13
13
17
13
99
174
13
13
174
270
270
434
13
13
174
369
369
13
13
164
174
13
13
396
396
194
200
194
30
30
194
30
396
396
103
174
21
413
125
200
13
13
151
98
68
406
13
270
98
13
13
406
406
406
35
35
68
125
13
13
164
79
413
413
13
13
13
30
370
370
98
174
13
98
13
13
13
13
219
219
13
13
99
68
13
174
13
35
35
30
13
13
32
143
174
396
270
270
370
32
13
35
174
32
43
174
21
13
30
32
323
35
323
13
13
174
21
35
22
30
13
174
18
13
370
32
32
370
12
79
79
174
174
80
80
30
13
370
13
79
35
370
370
323
174
248
248
174
270
12
35
13
110
408
21
274
125
12
21
30
30
323
13
13
13
406
98
13
406
406
35
35
18
30
13
13
18
13
370
98
18
18
32
18
396
35
18
35
30
98
13
13
435
32
270
274
68
98
288
13
13
13
13
12
13
13
13
35
13
274
13
163
22
13
18
18
174
174
98
13
370
32
13
174
174
30
30
13
52
13
79
174
22
35
13
13
13
13
13
16
279
110
13
35
22
99
32
13
370
13
96
13
96
32
18
35
22
30
210
13
32
13
35
13
30
13
30
32
32
30
99
13
13
13
13
174
274
13
100
13
13
13
13
13
13
103
32
32
30
18
13
35
18
13
99
13
174
174
174
12
13
174
174
174
279
13
13
13
13
98
99
98
99
13
103
116
13
99
99
174
174
105
13
98
13
18
79
174
174
13
174
174
18
18
13
279
279
99