96
106
96
96
96
96
13
110
110
13
106
13
13
286
286
13
96
13
274
203
203
96
96
13
96
274
13
203
203
203
276
209
209
80
112
112
112
112
112
108
108
80
108
13
13
13
13
240
52
286
13
80
52
268
268
268
268
282
270
150
283
107
13
13
13
212
212
212
212
106
108
13
34
34
16
13
13
119
13
108
13
286
286
52
175
175
102
96
110
112
108
240
268
282
13
212
110
106
13
34
34
16
16
16
13
13
110
13
13
13
13
54
54
54
54
13
13
13
13
13
13
96
96
268
13
96
212
13
13
97
54
268
96
212
13
113
13
275
13
13
13
13
275
13
13
54
13
96
209
212
113
275
286
104
275
104
104
104
110
13
13
13
13
13
13
13
209
175
103
107
13
13
13
13
13
270
270
13
34
141
141
13
141
13
268
13
13
13
13
13
13
13
112
356
13
13
52
356
52
103
103
107
270
112
268
104
13
13
39
13
34
13
108
13
13
13
13
110
13
13
110
13
286
34
276
108
268
52
13
13
356
276
34
157
157
13
405
13
39
39
126
282
276
104
104
52
52
157
13
270
13
13
157
13
13
13
13
13
39
39
13
39
392
126
282
104
232
13
267
34
104
104
174
13
13
232
108
13
13
13
13
13
13
13
13
13
232
13
52
13
175
209
175
240
102
23
401
13
13
270
424
428
202
13
102
13
23
356
13
13
13
13
13
13
13
13
13
13
13
13
13
13
13
13
13
13
13
13
13
13
13
45
13
13
267
41
13
13
13
34
53
13
13
13
13
97
174
13
13
97
388
97
254
103
13
13
52
268
13
97
13
13
13
13
16
16
16
16
16
212
189
212
212
13
34
13
13
286
286
16
13
189
13
110
13
52
189
268
157
13
13
13
32
34
189
157
157
157
157
378
378
64
104
104
13
424
274
274
274
274
13
13
13
13
13
13
13
80
13
13
286
286
286
286
16
16
16
16
16
13
13
13
13
13
13
13
13
13
13
13
13
13
13
268
268
13
13
13
13
13
13
13
13
13
175
13
13
13
13
112
13
13
13
384
80
32
13
156
13
13
13
13
156
13
13
13
102
102
102
13
424
156
378
102
102
102
102
102
102
102
102
102
83
156
102
13
13
13
13
13
13
13
13
13
106
13
13
13
212
212
286
286
106
286
350
350
350
356
356
279
274
279
96
96
96
96
96
96
96
113
80
378
378
16
16
13
13
13
13
13
13
13
157
157
157
254
114
114
104
104
104
34
13
13
13
13
13
13
13
107
13
13
157
64
13
13
13
13
107
13
34
34
34
397
13
83
16
421
421
421
13
13
13
13
13
16
13
13
13
13
13
13
13
13
16
108
108
108
108
108
286
286
286
16
13
13
13
13
13
112
112
13
112
112
96
212
212
212
212
275
275
13
13
13
13
203
203
203
203
52
52
52
52
52
52
13
13
13
13
175
54
54
54
113
83
123
123
123
135
119
388
83
83
388
64
64
64
104
104
104
104
83
104
174
174
174
174
174
174
174
13
13
83
13
13
424
424
424
83
424
424
424
424
424
424
425
425
13
13
281
13
13
13
286
286
16
16
16
16
13
13
13
13
13
13
13
13
13
13
13
13
13
13
13
13
13
13
13
13
13
13
13
13
13
13
13
13
13
13
13
112
13
13
13
13
13
13
13
110
113
13
13
113
113
113
113
113
113
113
113
113
52
52
52
52
282
282
282
282
175
13
42
42
42
42
42
252
276
242
13
64
102
157
157
157
157
157
13
80
80
13
26
26
26
26
26
13
13
13
274
13
13
268
108
268
268
286
286
388
13
34
135
16
16
16
101
13
13
52
52
108
108
108
108
13
351
13
13
13
13
13
108
13
13
175
356
16
13
23
110
87
108
108
108
421
108
46
110
13
13
13
214
13
13
13
110
13
13
13
46
157
110
13
13
13
13
13
13
13
13
13
13
13
13
157
157
157
275
13
13
13
104
104
275
104
39
270
270
274
275
13
13
13
13
13
13
80
80
13
275
13
286
16
16
16
16
16
13
13
275
13
13
13
13
13
13
13
13
13
53
101
275
279
279
53
110
268
13
13
96
96
96
275
212
212
13
13
13
13
13
275
13
113
113
113
113
13
13
13
52
52
13
52
13
13
13
13
41
41
41
41
13
13
13
13
13
13
13
13
13
13
13
13
13
13
13
13
13
13
13
350
350
350
351
254
232
280
232
102
34
13
280
13
13
157
157
163
163
13
13
13
272
280
104
104
104
13
13
13
12
101
282
270
270
270
270
270
424
424
432
432
432
282
13
13
13
107
286
286
286
286
13
13
13
13
13
23
279
13
13
276
13
13
212
13
359
359
267
276
267
13
13
13
13
13
13
13
53
232
276
232
232
232
119
114
114
13
13
276
13
13
13
13
13
13
13
157
240
163
163
13
272
414
270
432
13
107
13
13
13
13
13
13
359
359
267
103
13
13
13
103
13
53
232
232
34
34
104
104
189
13
13
232
52
52
52
13
274
13
13
189
34
140
140
140
140
148
148
148
157
157
189
157
381
13
13
13
104
13
13
13
80
13
409
414
12
432
108
108
108
286
286
80
16
16
16
13
13
13
13
13
13
13
13
13
13
13
13
13
13
54
54
54
13
209
209
53
102
64
64
13
102
102
279
13
13
16
16
16
52
52
279
16
16
16
13
13
13
13
232
232
13
286
13
13
13
13
279
13
13
13
232
232
13
13
13
13
359
23
53
46
13
157
13
13
52
52
294
140
119
13
13
279
13
13
272
13
209
13
13
359
359
46
13
13
140
272
13
13
13
13
53
13
104
140
140
104
212
13
13
104
26
26
409
294
13
13
64
104
13
13
13
101
101
39
427
104
100
104
409
13
232
157
157
34
409
409
284
157
13
13
232
13
102
13
359
359
23
284
13
13
13
101
434
13
13
203
284
203
13
294
13
13
13
13
13
427
434
284
13
268
13
104
409
232
13
284
13
13
13
13
13
13
13
13
13
174
283
409
409
212
13
53
13
13
13
13
13
13
34
34
34
13
34
157
157
157
157
157
400
400
13
13
106
415
423
274
13
369
13
13
13
13
13
97
106
356
356
356
356
13
13
13
13
13
13
106
13
13
13
13
13
13
13
13
13
13
285
13
13
41
41
41
41
41
41
44
44
285
13
13
13
13
82
53
53
189
189
189
13
270
34
34
13
13
140
272
272
272
64
13
104
409
414
270
13
108
108
108
80
286
16
13
13
13
13
13
13
13
80
13
13
13
268
323
13
294
359
52
52
52
13
13
13
13
107
53
272
13
13
409
13
16
108
232
232
13
104
13
13
175
409
13
13
108
13
13
175
13
140
108
434
13
157
34
34
157
108
157
157
157
157
13
13
414
12
12
286
431
274
274
434
13
80
80
80
108
286
286
16
13
13
13
13
13
96
13
13
16
359
52
52
13
13
13
13
13
13
98
16
232
101
32
32
102
16
101
157
157
16
157
13
104
13
16
13
13
16
13
13
13
13
13
13
13
13
96
96
53
13
117
44
44
32
13
13
117
13
13
13
212
212
286
13
323
13
16
157
157
96
104
13
13
13
13
13
13
13
13
13
13
13
289
13
13
13
52
80
424
212
110
218
218
218
13
421
421
110
13
13
13
13
13
13
13
13
13
13
13
13
13
13
96
110
222
114
13
270
13
13
119
13
13
13
83
13
114
171
417
417
171
13
13
13
83
13
13
171
34
157
157
13
157
157
13
96
272
64
13
104
13
13
13
27
424
424
96
13
13
13
154
22
154
13
26
13
96
154
13
154
13
13
154
13
154
13
13
275
13
13
13
13
108
13
13
13
13
13
275
13
13
13
13
13
276
82
82
82
275
247
53
232
232
102
102
13
13
13
13
13
13
52
13
13
34
34
13
13
52
52
13
140
102
13
34
272
272
86
212
212
107
13
13
13
13
13
13
212
212
13
13
429
113
380
13
398
398
398
398
398
13
13
13
13
157
157
349
13
13
13
13
52
359
52
13
13
13
44
44
102
34
13
13
13
13
140
13
13
52
13
13
157
434
13
13
13
13
13
13
13
97
13
13
276
53
97
34
34
13
13
13
13
157
157
157
64
97
274
16
13
13
13
13
13
27
232
13
203
203
13
13
13
13
13
13
27
13
52
52
254
13
82
82
13
217
274
212
203
13
88
13
88
44
44
13
13
13
323
323
13
424
12
17
17
13
13
13
157
157
157
167
388
13
174
424
274
274
434
434
16
13
13
13
13
13
13
13
13
26
26
13
27
323
13
13
212
13
13
203
43
114
13
44
44
44
13
13
13
13
82
254
53
53
217
140
13
34
34
140
157
64
12
424
434
80
189
80
108
16
13
212
212
13
203
203
189
43
113
52
44
232
232
88
88
217
13
13
82
82
13
88
88
167
26
53
157
13
13
395
136
156
13
212
13
157
157
13
212
272
212
82
82
82
272
82
13
13
13
13
13
104
423
212
434
53
13
13
267
52
104
53
167
88
13
175
104
157
64
203
13
13
13
157
157
39
157
157
394
64
64
46
39
274
13
13
22
13
16
13
13
39
13
13
27
27
27
323
212
13
203
52
97
13
13
175
267
41
13
82
53
53
13
13
157
157
157
64
64
27
274
274
274
212
212
13
43
43
434
434
13
13
274
13
267
88
88
88
16
13
13
13
43
113
13
13
41
41
41
41
41
41
41
41
41
323
157
157
80
52
52
52
88
88
13
13
13
13
13
53
203
203
203
107
34
34
34
34
37
37
190
13
107
140
88
12
12
12
13
203
107
12
13
54
13
190
175
270
157
82
286
82
13
203
394
13
13
13
53
286
157
157
82
402
402
16
44
54
157
157
26
26
16
34
124
13
13
157
157
13
160
166
166
166
391
391
393
369
369
13
13
356
356
27
27
13
13
13
13
13
267
13
44
82
13
157
157
388
13
394
64
64
401
434
434
22
22
13
13
80
108
13
16
13
13
27
27
13
13
13
13
212
203
52
267
267
13
110
44
13
40
40
82
82
220
119
270
110
52
213
213
213
213
213
213
32
32
280
88
88
88
88
34
13
157
160
64
280
391
400
106
106
106
106
423
369
369
369
96
13
13
356
356
13
13
13
13
13
96
13
13
53
13
411
411
411
411
96
411
13
13
13
13
120
120
275
120
120
120
13
13
157
157
157
157
275
157
157
399
399
399
401
275
13
13
13
13
13
274
13
16
275
13
27
27
26
13
26
212
212
275
279
13
203
114
44
13
52
98
52
276
82
82
82
53
220
13
13
13
13
41
323
323
13
13
13
13
13
26
43
43
64
213
157
157
113
82
13
82
402
13
13
13
212
212
13
52
402
402
44
250
64
64
64
13
13
157
104
52
157
157
157
16
16
16
110
13
52
52
52
52
52
40
40
40
40
40
82
13
421
13
13
154
154
154
154
157
157
157
160
13
13
272
13
13
27
37
52
52
13
282
350
13
102
102
102
102
102
282
432
44
44
432
432
421
421
421
13
46
46
46
397
17
13
17
17
17
13
13
13
13
13
13
13
13
13
157
52
104
13
13
82
82
37
37
16
157
157
157
13
157
53
53
53
27
27
13
13
13
13
13
13
13
212
212
13
13
13
13
402
13
22
13
13
13
13
13
13
13
13
82
44
13
34
13
13
13
13
13
13
13
40
13
157
157
100
157
13
13
270
274
13
13
13
52
52
100
44
40
34
34
13
157
100
13
274
13
13
138
138
138
138
138
138
104
100
16
16
13
13
27
27
52
388
44
100
44
13
13
13
13
13
117
13
13
13
117
13
13
13
13
13
13
13
13
157
157
350
157
64
12
212
13
13
13
88
252
13
13
13
157
157
157
64
252
13
40
40
88
88
88
45
240
13
45
13
121
171
270
13
240
13
13
41
417
121
41
13
417
13
417
240
121
13
270
171
13
41
13
104
388
22
13
13
13
13
53
22
22
16
157
157
22
13
13
13
13
13
13
13
13
274
157
21
12
42
13
13
13
13
13
13
13
160
13
13
13
13
13
27
27
268
45
13
203
13
13
157
13
16
13
13
13
13
82
13
13
13
53
88
88
21
64
64
13
13
141
212
141
143
82
13
52
52
16
297
143
39
264
13
17
157
157
13
388
13
13
13
13
13
82
13
13
52
13
13
13
13
13
13
13
13
13
52
203
274
13
13
88
64
21
21
13
13
13
27
88
388
143
13
13
275
13
13
12
13
264
27
27
88
275
17
39
297
13
13
169
169
169
169
275
174
17
17
17
264
264
21
21
13
21
13
13
13
13
203
203
203
13
52
82
82
82
82
53
39
156
13
160
112
64
64
17
39
12
427
13
112
13
13
434
13
13
13
13
108
23
112
13
13
13
13
169
169
52
169
370
370
370
370
370
13
13
13
212
212
13
13
13
13
13
13
13
13
27
27
27
43
13
45
45
45
13
13
13
203
264
267
220
220
44
44
13
13
13
13
39
13
13
13
268
268
268
13
13
145
145
145
157
157
394
394
64
64
21
45
45
13
203
203
52
39
52
52
52
267
44
13
13
13
40
39
82
82
82
82
82
53
88
82
16
100
13
13
53
145
43
119
13
100
396
13
264
13
13
13
13
13
13
39
13
157
145
13
145
82
43
169
100
203
169
169
52
203
52
52
52
267
16
100
17
44
17
17
44
264
39
13
264
370
421
421
53
13
276
16
64
13
13
13
13
13
13
145
13
13
421
13
13
13
276
13
13
212
212
13
13
13
369
117
13
13
13
13
13
21
13
252
13
82
44
32
32
13
13
13
13
13
13
252
13
13
145
145
145
145
13
274
274
13
21
21
13
13
53
13
82
13
82
52
13
52
13
32
108
13
32
12
212
13
13
96
13
13
101
13
13
13
13
13
83
43
101
13
13
16
13
107
52
52
52
44
13
107
13
13
13
169
169
169
13
13
13
13
107
270
270
106
106
264
264
21
369
369
107
13
13
13
13
13
13
356
27
13
13
13
13
13
13
13
13
13
13
13
13
13
13
13
13
114
267
41
41
41
41
13
13
54
54
143
143
143
143
13
13
53
13
13
13
13
13
44
13
13
13
13
13
32
32
13
13
13
13
13
13
13
169
169
274
169
13
13
264
21
21
22
22
22
13
203
203
43
370
21
108
44
44
44
63
63
63
63
16
13
13
13
13
13
110
13
13
13
13
145
13
13
13
13
13
13
13
13
13
212
13
52
63
63
13
145
13
145
21
23
13
113
52
63
274
43
370
13
63
110
12
52
13
13
13
157
157
157
157
421
421
421
13
13
13
13
13
13
13
13
13
13
13
13
13
13
63
63
82
82
222
13
13
13
13
13
13
13
13
13
13
216
13
13
13
412
158
417
13
13
158
13
158
13
412
16
158
13
13
417
216
13
13
13
64
13
64
64
421
27
13
13
37
212
212
16
43
52
52
52
52
175
175
44
16
217
217
189
13
13
13
13
13
421
274
63
203
203
63
157
13
13
13
13
274
13
13
13
17
13
13
13
13
13
27
13
37
37
37
43
52
44
42
42
63
13
82
82
82
209
53
101
101
102
102
102
102
32
32
157
264
13
13
13
13
13
13
13
157
157
112
157
157
160
13
39
12
12
12
16
13
13
13
13
13
13
26
13
43
43
43
52
52
52
13
175
44
274
44
42
42
63
63
63
63
82
82
220
220
101
101
32
88
88
88
88
270
232
350
52
264
13
274
232
53
232
13
434
13
13
163
13
13
157
157
157
73
73
73
73
73
13
73
73
73
272
272
274
264
264
264
264
274
264
264
264
16
13
13
13
13
13
26
113
274
13
212
212
212
212
13
13
212
13
274
44
52
44
44
44
63
32
63
32
88
88
88
13
13
13
13
13
13
13
13
13
13
13
73
64
64
39
17
26
27
42
42
42
63
52
52
52
13
353
43
32
82
82
82
240
82
101
88
34
34
13
274
13
26
27
13
43
34
34
13
34
13
82
43
12
13
13
13
82
26
113
112
63
13
13
16
13
13
13
13
13
52
43
370
52
13
13
13
42
353
82
13
34
34
13
13
13
13
157
39
274
274
16
27
13
29
63
63
63
82
13
13
13
13
13
13
13
272
272
272
17
177
39
410
410
418
418
418
264
16
26
26
26
26
212
212
52
44
42
42
82
53
100
32
88
88
88
88
272
17
17
39
177
13
13
114
26
26
63
73
157
272
17
17
13
13
13
13
39
39
410
12
270
264
264
264
264
264
16
174
101
212
26
63
63
13
52
52
212
88
82
82
175
175
53
29
29
29
13
264
13
13
13
104
20
73
177
177
39
13
54
54
264
264
104
264
21
21
21
22
16
13
104
23
26
26
279
279
279
27
27
13
13
45
45
13
13
13
13
13
13
97
108
13
13
37
13
13
13
13
112
112
108
203
203
203
203
29
370
175
44
44
286
42
42
63
63
91
54
286
22
26
26
26
13
20
177
177
13
39
16
12
21
26
26
26
13
26
26
16
13
13
13
13
13
13
13
37
13
16
13
13
43
13
42
13
42
88
88
88
13
13
44
112
63
13
13
13
13
13
26
82
82
13
13
13
73
21
26
13
13
110
13
96
212
52
52
52
52
52
52
52
44
63
40
13
246
246
177
177
177
177
91
13
13
43
13
88
88
88
52
13
13
20
73
83
73
39
13
264
264
22
22
26
13
26
26
13
13
13
96
29
13
52
42
42
40
82
246
246
53
13
13
13
264
212
264
26
26
13
13
13
63
63
40
40
212
246
26
23
37
264
13
13
117
212
213
13
270
413
241
171
36
41
212
171
413
41
241
241
171
213
270
13
413
171
36
34
34
20
168
64
12
275
26
26
26
26
26
13
275
43
52
175
44
44
44
63
13
13
13
275
246
13
13
13
13
13
275
52
13
264
201
13
52
52
13
13
201
39
34
13
20
73
13
13
177
21
21
16
23
26
26
43
13
52
52
52
52
42
42
63
63
63
13
110
112
13
13
13
13
13
13
201
112
201
13
13
52
13
13
201
53
201
21
112
63
274
13
63
73
46
73
53
112
13
63
13
21
201
201
201
201
201
112
201
27
13
212
13
13
13
13
13
52
52
52
52
63
39
13
22
22
13
16
26
114
52
63
32
13
13
13
177
177
22
22
22
16
13
20
13
13
37
37
32
13
26
16
13
246
22
39
16
42
110
13
42
22
13
274
274
13
13
13
13
13
13
44
168
21
212
13
13
20
20
13
13
13
13
102
16
63
13
82
82
82
52
52
102
52
32
32
32
43
43
43
42
16
102
13
63
27
32
52
22
13
23
23
26
29
82
26
26
26
189
26
13
13
13
20
20
82
17
29
82
13
13
21
16
16
13
13
13
52
52
17
16
110
13
286
16
102
110
110
13
13
188
188
188
188
188
188
110
114
114
13
119
174
106
13
157
13
157
174
106
174
174
157
174
272
13
13
106
83
100
13
13
13
103
103
103
106
103
103
103
12
12
13
282
13
13
13
13
13
13
283
174
13
106
106
106
106
106
106
432
274
274
13
13
13
13
13
13
107
107
286
286
107
13
13
13
279
110
110
13
13
102
13
13
13
13
96
96
96
96
96
96
96
96
96
96
96
96
282
13
13
96
13
13
13
13
34
34
34
189
189
240
240
102
102
102
103
286
272
107
13
13
282
119
13
272
107
13
97
13
13
116
13
13
97
13
13
13
13
13
13
80
80
212
212
13
13
286
13
13
274
432
102
13
274
114
102
102
102
13
13
104
104
104
350
13
52
13
13
104
432
13
212
350
280
286
286
13
13
13
113
113
113
272
272
110
13
13
13
13
113
16
16
16
110
13
16
16
16
16
16
432
13
119
13
13
107
13
13
13
16
110
272
13
34
286
286
34
34
274
34
34
13
272
13
102
102
270
270
270
52
34
34
102
96
104
13
212
110
13
275
274
272
272
26
272
104
26
13
13
13
13
119
13
13
104
13
13
26
52
13
26
104
104
272
110
356
356
356
356
356
356
13
110
104
13
356
356
356
107
16
16
13
13
13
13
13
13
13
13
272
108
13
273
150
150
150
150
150
150
150
274
274
273
80
80
80
279
175
175
13
13
106
13
13
13
13
13
13
13
96